Calculated 684 overhead times:
Report line Start(unixepoch)               Overhead (h:m:s) Overhead (s) Non-overhead (s)
2139        1329186657                     0:00:30.901000   30.901       40.788
2140        1329186730                     0:00:17.639000   17.639       39.279
2142        1329186888                     0:00:18.461000   18.461       40.215
2143        1329186948                     0:00:16.506000   16.506       38.525
2144        1329187005                     0:00:17.472000   17.472       39.266
2146        1329187063                     0:00:18.788000   18.788       40.246
2147        1329187124                     0:00:18.566000   18.566       41.257
2148        1329187185                     0:00:16.876000   16.876       40.324
2150        1329187244                     0:00:17.821000   17.821       40.695
2151        1329187305                     0:00:18.544000   18.544       39.558
2152        1329187365                     0:00:16.554000   16.554       39.995
2153        1329187423                     0:00:18.566000   18.566       38.922
2154        1329187482                     0:00:17.416000   17.416       38.391
2155        1329187539                     0:00:16.505000   16.505       38.177
2156        1329187595                     0:00:18.400000   18.4         38.674
2157        1329187655                     0:00:17.567000   17.567       39.536
2158        1329187714                     0:00:17.390000   17.39        40.084
2159        1329187773                     0:00:17.703000   17.703       38.388
2160        1329187831                     0:00:18.367000   18.367       40.802
2161        1329187892                     0:00:18.723000   18.723       38.771
2162        1329187951                     0:00:16.994000   16.994       39.868
2163        1329188010                     0:00:18.018000   18.018       38.186
2166        1329188131                     0:00:17.149000   17.149       38.209
2167        1329188188                     0:00:17.935000   17.935       38.307
2169        1329188658                     0:00:29.581000   29.581       39.954
2170        1329188729                     0:00:17.978000   17.978       38.337
2171        1329188787                     0:00:17.057000   17.057       38.183
2172        1329188844                     0:00:18.769000   18.769       38.715
2173        1329188903                     0:00:18.873000   18.873       39.176
2174        1329188963                     0:00:18.916000   18.916       39.452
2175        1329189024                     0:00:17.949000   17.949       38.723
2177        1329189145                     0:00:16.168000   16.168       38.1
2178        1329189201                     0:00:19.161000   19.161       38.427
2179        1329189260                     0:00:18.264000   18.264       39.694
2180        1329189320                     0:00:18.135000   18.135       40.454
2181        1329189381                     0:00:15.837000   15.837       39.924
2182        1329189438                     0:00:18.009000   18.009       40.108
2183        1329189498                     0:00:19.035000   19.035       39.495
2184        1329189558                     0:00:16.158000   16.158       38.982
2185        1329189615                     0:00:19.076000   19.076       38.566
2187        1329189737                     0:00:17.288000   17.288       38.241
2188        1329189795                     0:00:18.312000   18.312       38.53
2189        1329189853                     0:00:18.077000   18.077       38.819
2190        1329189912                     0:00:18.213000   18.213       40.055
2191        1329189972                     0:00:17.295000   17.295       39.888
2192        1329190031                     0:00:19.003000   19.003       39.163
2193        1329190091                     0:00:17.930000   17.93        38.611
2194        1329190150                     0:00:21.969000   21.969       40.772
2195        1329190214                     0:00:17.711000   17.711       38.367
2197        1329190335                     0:00:15.287000   15.287       38.266
2198        1329190390                     0:00:17.938000   17.938       40.196
2199        1329190450                     0:00:18.063000   18.063       40.471
2200        1329190511                     0:00:18.988000   18.988       38.922
2201        1329190571                     0:00:18.151000   18.151       40.034
2202        1329190631                     0:00:17.700000   17.7         40.653
2203        1329190691                     0:00:18.766000   18.766       40.799
2204        1329190752                     0:00:17.105000   17.105       40.814
2205        1329190812                     0:00:19.067000   19.067       39.833
2207        1329190936                     0:00:14.898000   14.898       38.32
2208        1329190991                     0:00:17.914000   17.914       38.555
2209        1329191049                     0:00:18.647000   18.647       38.644
2210        1329191108                     0:00:18.518000   18.518       38.211
2211        1329191167                     0:00:15.840000   15.84        38.073
2212        1329191223                     0:00:17.620000   17.62        38.381
2213        1329191281                     0:00:17.623000   17.623       38.255
2214        1329191338                     0:00:17.585000   17.585       38.169
2215        1329191395                     0:00:19.713000   19.713       38.082
2217        1329191518                     0:00:16.605000   16.605       38.302
2218        1329191575                     0:00:19.357000   19.357       38.345
2219        1329191634                     0:00:18.758000   18.758       38.175
2220        1329191693                     0:00:17.627000   17.627       38.167
2221        1329191750                     0:00:16.533000   16.533       39.689
2222        1329191808                     0:00:18.712000   18.712       38.052
2223        1329191867                     0:00:17.599000   17.599       38.192
2224        1329191924                     0:00:22.802000   22.802       38.234
2225        1329191987                     0:00:17.279000   17.279       38.701
2228        1329192172                     0:00:18.283000   18.283       38.778
2229        1329192231                     0:00:18.623000   18.623       40.434
2230        1329192292                     0:00:18.253000   18.253       40.786
2231        1329192353                     0:00:17.198000   17.198       39.067
2232        1329192411                     0:00:18.104000   18.104       39.849
2233        1329192471                     0:00:18.489000   18.489       38.631
2236        1329192471                     0:00:18.489000   18.489       38.631
2252        1329274008                     0:00:02.855000   2.855        21.96
2253        1329274035                     0:00:17.537000   17.537       22.231
2254        1329274076                     0:00:17.792000   17.792       22.092
2255        1329274118                     0:00:16.706000   16.706       21.969
2256        1329274158                     0:00:18.065000   18.065       21.875
2257        1329274200                     0:00:18.848000   18.848       22.059
2258        1329274243                     0:00:18.146000   18.146       22.0
2259        1329274286                     0:00:15.918000   15.918       21.887
2260        1329274326                     0:00:17.779000   17.779       21.928
2261        1329274367                     0:00:17.767000   17.767       21.897
2262        1329274408                     0:00:17.063000   17.063       21.985
2263        1329274449                     0:00:19.411000   19.411       21.904
2265        1329274492                     0:00:17.829000   17.829       22.209
2266        1329274534                     0:00:16.534000   16.534       21.959
2267        1329274574                     0:00:18.147000   18.147       21.976
2268        1329274616                     0:00:18.282000   18.282       21.971
2269        1329274659                     0:00:18.264000   18.264       22.087
2270        1329274701                     0:00:16.210000   16.21        22.071
2271        1329274741                     0:00:18.345000   18.345       22.005
2272        1329274783                     0:00:17.473000   17.473       22.08
2273        1329274824                     0:00:16.095000   16.095       22.073
2274        1329274864                     0:00:17.388000   17.388       22.035
2276        1329274905                     0:00:18.344000   18.344       22.022
2277        1329274947                     0:00:30.323000   30.323       22.08
2278        1329275002                     0:00:18.706000   18.706       22.008
2279        1329275044                     0:00:17.336000   17.336       21.951
2280        1329275085                     0:00:17.591000   17.591       22.034
2281        1329275126                     0:00:16.934000   16.934       21.881
2282        1329275167                     0:00:18.090000   18.09        22.074
2283        1329275209                     0:00:18.187000   18.187       21.768
2284        1329275251                     0:00:18.802000   18.802       22.033
2285        1329275294                     0:00:17.787000   17.787       22.483
2287        1329275341                     0:00:16.779000   16.779       22.015
2288        1329275382                     0:00:17.802000   17.802       21.882
2289        1329275423                     0:00:17.729000   17.729       21.876
2290        1329275464                     0:00:17.785000   17.785       21.933
2292        1329275509                     0:00:16.550000   16.55        21.961
2293        1329275550                     0:00:17.493000   17.493       21.867
2294        1329275591                     0:00:15.731000   15.731       21.756
2298        1329275643                     0:00:16.648000   16.648       21.865
2299        1329275683                     0:00:17.675000   17.675       21.913
2303        1329275731                     0:00:16.970000   16.97        22.034
2304        1329275772                     0:00:18.761000   18.761       21.864
2306        1329275814                     0:00:21.779000   21.779       21.899
2308        1329275860                     0:00:17.757000   17.757       21.9
2310        1329275901                     0:00:17.889000   17.889       21.973
2311        1329275943                     0:00:16.225000   16.225       21.906
2313        1329275984                     0:00:18.168000   18.168       21.9
2315        1329276026                     0:00:18.101000   18.101       21.975
2316        1329276068                     0:00:18.371000   18.371       22.038
2319        1329276110                     0:00:16.261000   16.261       21.968
2321        1329276150                     0:00:17.403000   17.403       22.03
2322        1329276191                     0:00:18.419000   18.419       22.025
2324        1329276233                     0:00:16.129000   16.129       22.108
2326        1329276273                     0:00:18.265000   18.265       22.096
2329        1329276319                     0:00:17.174000   17.174       22.127
2330        1329276361                     0:00:18.954000   18.954       21.797
2332        1329276403                     0:00:18.532000   18.532       22.09
2334        1329276445                     0:00:18.776000   18.776       21.878
2335        1329276487                     0:00:17.857000   17.857       22.249
2337        1329276529                     0:00:17.376000   17.376       22.014
2339        1329276570                     0:00:18.565000   18.565       22.005
2341        1329276613                     0:00:19.360000   19.36        22.055
2342        1329276656                     0:00:18.524000   18.524       22.299
2344        1329276699                     0:00:19.882000   19.882       21.932
2346        1329276742                     0:00:17.776000   17.776       22.143
2347        1329276784                     0:00:18.376000   18.376       22.016
2349        1329276826                     0:00:18.394000   18.394       22.552
2351        1329276869                     0:00:17.692000   17.692       22.168
2352        1329276912                     0:00:16.271000   16.271       21.932
2354        1329276952                     0:00:17.507000   17.507       21.831
2356        1329276993                     0:00:18.133000   18.133       22.034
2358        1329277035                     0:00:23.011000   23.011       22.255
2359        1329277082                     0:00:17.150000   17.15        21.982
2362        1329277126                     0:00:16.165000   16.165       22.338
2364        1329277166                     0:00:18.058000   18.058       21.88
2365        1329277209                     0:00:18.167000   18.167       22.096
2367        1329277251                     0:00:18.312000   18.312       22.005
2369        1329277293                     0:00:16.369000   16.369       22.029
2370        1329277333                     0:00:17.323000   17.323       21.914
2372        1329277374                     0:00:17.240000   17.24        21.811
2401        1329278700                     0:00:17.677000   17.677       21.969
2403        1329278741                     0:00:17.375000   17.375       22.052
2405        1329278782                     0:00:18.326000   18.326       22.319
2406        1329278824                     0:00:16.302000   16.302       22.313
2408        1329278865                     0:00:18.348000   18.348       21.77
2410        1329278907                     0:00:18.414000   18.414       22.061
2412        1329278949                     0:00:17.438000   17.438       22.053
2414        1329278994                     0:00:16.480000   16.48        21.797
2416        1329279034                     0:00:18.407000   18.407       22.08
2418        1329279076                     0:00:16.308000   16.308       21.939
2419        1329279117                     0:00:18.232000   18.232       22.014
2421        1329279159                     0:00:18.469000   18.469       21.984
2423        1329279201                     0:00:16.161000   16.161       21.959
2425        1329279241                     0:00:17.236000   17.236       22.481
2426        1329279282                     0:00:17.238000   17.238       22.155
2428        1329279323                     0:00:17.463000   17.463       21.989
2430        1329279364                     0:00:16.429000   16.429       21.963
2431        1329279405                     0:00:18.292000   18.292       22.046
2433        1329279447                     0:00:18.644000   18.644       22.047
2435        1329279489                     0:00:15.428000   15.428       21.954
2436        1329279528                     0:00:17.379000   17.379       21.897
2438        1329279569                     0:00:17.630000   17.63        22.918
2440        1329279611                     0:00:16.450000   16.45        21.956
2442        1329279651                     0:00:18.712000   18.712       22.07
2443        1329279693                     0:00:18.774000   18.774       21.936
2445        1329279736                     0:00:18.783000   18.783       22.414
2447        1329279779                     0:00:17.572000   17.572       21.811
2448        1329279820                     0:00:18.361000   18.361       22.043
2450        1329279862                     0:00:18.868000   18.868       21.88
2452        1329279904                     0:00:19.831000   19.831       21.905
2454        1329279947                     0:00:18.373000   18.373       22.028
2456        1329279993                     0:00:16.596000   16.596       21.917
2458        1329280034                     0:00:18.347000   18.347       21.874
2459        1329280076                     0:00:18.455000   18.455       21.974
2461        1329280118                     0:00:18.927000   18.927       21.925
2465        1329280165                     0:00:17.474000   17.474       22.222
2467        1329280206                     0:00:18.499000   18.499       21.883
2468        1329280248                     0:00:16.449000   16.449       22.048
2470        1329280288                     0:00:18.506000   18.506       21.968
2485        1329280494                     0:00:30.375000   30.375       22.02
2487        1329280549                     0:00:17.927000   17.927       21.992
2488        1329280591                     0:00:17.945000   17.945       21.995
2490        1329280633                     0:00:17.772000   17.772       22.117
2491        1329280675                     0:00:17.059000   17.059       21.893
2492        1329280716                     0:00:17.771000   17.771       22.035
2493        1329280757                     0:00:18.190000   18.19        22.105
2494        1329280800                     0:00:16.978000   16.978       21.976
2495        1329280841                     0:00:17.768000   17.768       22.004
2496        1329280882                     0:00:18.118000   18.118       21.97
2497        1329280924                     0:00:17.710000   17.71        21.942
2498        1329280965                     0:00:18.446000   18.446       22.031
2499        1329281007                     0:00:18.533000   18.533       21.956
2500        1329281049                     0:00:18.594000   18.594       22.174
2501        1329281091                     0:00:16.231000   16.231       22.255
2502        1329281132                     0:00:18.662000   18.662       22.033
2503        1329281174                     0:00:18.314000   18.314       21.864
2504        1329281216                     0:00:17.251000   17.251       22.001
2505        1329281257                     0:00:17.103000   17.103       22.719
2506        1329281299                     0:00:18.227000   18.227       23.321
2507        1329281342                     0:00:16.255000   16.255       22.228
2508        1329281382                     0:00:18.197000   18.197       21.845
2509        1329281424                     0:00:18.512000   18.512       21.907
2510        1329281467                     0:00:18.210000   18.21        21.794
2511        1329281509                     0:00:17.432000   17.432       21.931
2512        1329281550                     0:00:17.204000   17.204       22.02
2513        1329281591                     0:00:18.340000   18.34        22.149
2514        1329281633                     0:00:23.473000   23.473       21.895
2515        1329281680                     0:00:17.578000   17.578       22.045
2516        1329281721                     0:00:18.404000   18.404       21.976
2517        1329281764                     0:00:17.767000   17.767       22.423
2518        1329281806                     0:00:17.280000   17.28        22.656
2519        1329281849                     0:00:17.923000   17.923       22.232
2520        1329281891                     0:00:18.440000   18.44        22.143
2521        1329281933                     0:00:15.905000   15.905       22.054
2522        1329281974                     0:00:18.152000   18.152       22.027
2523        1329282016                     0:00:18.390000   18.39        21.931
2525        1329360001                     0:00:19.061000   19.061       22.221
2526        1329360044                     0:00:18.250000   18.25        22.089
2527        1329360086                     0:00:18.567000   18.567       22.387
2528        1329360129                     0:00:17.370000   17.37        21.94
2529        1329360170                     0:00:19.030000   19.03        22.3
2530        1329360213                     0:00:18.332000   18.332       21.995
2531        1329360255                     0:00:18.384000   18.384       22.285
2532        1329360297                     0:00:17.574000   17.574       21.852
2533        1329360338                     0:00:18.248000   18.248       22.211
2534        1329360381                     0:00:18.505000   18.505       22.041
2535        1329360423                     0:00:16.187000   16.187       22.091
2536        1329360463                     0:00:18.622000   18.622       22.01
2537        1329360505                     0:00:18.210000   18.21        22.021
2538        1329360547                     0:00:17.176000   17.176       22.123
2539        1329360588                     0:00:17.512000   17.512       22.121
2540        1329360629                     0:00:17.170000   17.17        21.936
2541        1329360670                     0:00:17.077000   17.077       22.253
2542        1329360711                     0:00:16.169000   16.169       22.14
2543        1329360752                     0:00:18.375000   18.375       22.02
2544        1329360794                     0:00:18.159000   18.159       21.968
2545        1329360836                     0:00:15.457000   15.457       22.213
2546        1329360875                     0:00:17.135000   17.135       21.96
2547        1329360916                     0:00:18.267000   18.267       22.142
2548        1329360958                     0:00:17.159000   17.159       22.069
2549        1329360999                     0:00:17.917000   17.917       22.083
2550        1329361041                     0:00:18.389000   18.389       21.931
2551        1329361083                     0:00:19.157000   19.157       22.078
2552        1329361127                     0:00:17.424000   17.424       22.212
2553        1329361168                     0:00:18.058000   18.058       22.067
2554        1329361210                     0:00:18.161000   18.161       22.136
2555        1329361252                     0:00:19.281000   19.281       21.998
2556        1329361295                     0:00:18.225000   18.225       22.109
2558        1329361341                     0:00:17.423000   17.423       22.243
2559        1329361382                     0:00:19.432000   19.432       22.015
2560        1329361425                     0:00:18.427000   18.427       22.062
2561        1329361468                     0:00:17.888000   17.888       22.167
2563        1329361513                     0:00:16.265000   16.265       21.943
2564        1329361553                     0:00:18.104000   18.104       22.089
2565        1329361595                     0:00:17.194000   17.194       22.033
2569        1329361648                     0:00:17.250000   17.25        22.023
2570        1329361689                     0:00:16.844000   16.844       22.081
2573        1329361738                     0:00:15.827000   15.827       21.971
2574        1329361779                     0:00:17.939000   17.939       21.998
2575        1329361821                     0:00:22.613000   22.613       22.084
2576        1329361867                     0:00:18.024000   18.024       22.11
2577        1329361909                     0:00:18.112000   18.112       22.125
2578        1329361951                     0:00:17.069000   17.069       22.135
2579        1329361992                     0:00:18.181000   18.181       21.977
2580        1329362034                     0:00:18.077000   18.077       22.126
2581        1329362076                     0:00:19.357000   19.357       22.002
2582        1329362120                     0:00:16.165000   16.165       22.089
2583        1329362160                     0:00:18.031000   18.031       22.282
2584        1329362202                     0:00:17.974000   17.974       22.165
2585        1329362244                     0:00:17.506000   17.506       22.586
2586        1329362286                     0:00:19.035000   19.035       22.12
2588        1329362333                     0:00:17.130000   17.13        22.118
2589        1329362374                     0:00:17.999000   17.999       22.069
2590        1329362416                     0:00:18.089000   18.089       21.975
2591        1329362459                     0:00:18.360000   18.36        21.954
2592        1329362501                     0:00:16.959000   16.959       22.011
2593        1329362542                     0:00:17.954000   17.954       22.109
2594        1329362584                     0:00:19.019000   19.019       22.028
2595        1329362627                     0:00:16.840000   16.84        22.031
2596        1329362668                     0:00:18.020000   18.02        21.975
2598        1329362715                     0:00:16.363000   16.363       22.122
2599        1329362755                     0:00:18.983000   18.983       21.984
2600        1329362798                     0:00:18.377000   18.377       22.045
2601        1329362840                     0:00:19.622000   19.622       22.107
2602        1329362883                     0:00:17.008000   17.008       22.051
2603        1329362925                     0:00:18.018000   18.018       22.122
2604        1329362967                     0:00:18.056000   18.056       22.102
2605        1329363009                     0:00:23.523000   23.523       22.081
2606        1329363056                     0:00:18.545000   18.545       21.934
2608        1329363102                     0:00:16.922000   16.922       22.34
2609        1329363143                     0:00:16.956000   16.956       22.122
2610        1329363184                     0:00:18.044000   18.044       22.026
2611        1329363227                     0:00:18.382000   18.382       22.104
2612        1329363269                     0:00:16.104000   16.104       21.958
2613        1329363309                     0:00:17.972000   17.972       21.969
2614        1329363351                     0:00:17.868000   17.868       22.051
2615        1329366290                     0:00:24.332000   24.332       22.081
2616        1329366338                     0:00:18.015000   18.015       22.027
2617        1329366380                     0:00:18.356000   18.356       22.321
2618        1329366422                     0:00:30.134000   30.134       22.108
2619        1329366476                     0:00:19.086000   19.086       22.191
2620        1329366520                     0:00:17.993000   17.993       22.226
2621        1329366562                     0:00:17.872000   17.872       22.008
2622        1329366603                     0:00:17.124000   17.124       21.964
2623        1329366644                     0:00:17.781000   17.781       22.125
2624        1329366686                     0:00:17.904000   17.904       21.907
2625        1329366728                     0:00:16.978000   16.978       21.854
2626        1329366769                     0:00:17.629000   17.629       21.948
2627        1329366811                     0:00:18.045000   18.045       22.114
2628        1329366853                     0:00:15.932000   15.932       21.972
2629        1329366893                     0:00:17.714000   17.714       22.097
2630        1329366935                     0:00:18.624000   18.624       22.096
2631        1329366977                     0:00:17.458000   17.458       22.049
2632        1329367018                     0:00:16.405000   16.405       22.044
2633        1329367059                     0:00:17.466000   17.466       22.171
2634        1329367100                     0:00:17.669000   17.669       22.139
2635        1329367142                     0:00:15.443000   15.443       22.023
2636        1329367181                     0:00:18.798000   18.798       22.129
2637        1329367224                     0:00:18.364000   18.364       21.975
2638        1329367266                     0:00:17.467000   17.467       22.197
2639        1329367307                     0:00:17.400000   17.4         21.883
2640        1329367348                     0:00:18.543000   18.543       22.141
2641        1329367390                     0:00:18.660000   18.66        21.834
2642        1329367433                     0:00:16.879000   16.879       22.025
2643        1329367474                     0:00:18.438000   18.438       22.164
2644        1329367516                     0:00:18.162000   18.162       22.219
2645        1329367558                     0:00:18.587000   18.587       22.141
2646        1329367600                     0:00:18.488000   18.488       22.156
2648        1329367647                     0:00:15.935000   15.935       21.978
2649        1329367687                     0:00:17.964000   17.964       22.049
2650        1329367729                     0:00:18.101000   18.101       21.984
2651        1329367771                     0:00:18.274000   18.274       22.209
2653        1329367818                     0:00:16.545000   16.545       21.998
2654        1329367858                     0:00:17.481000   17.481       22.135
2655        1329367899                     0:00:16.475000   16.475       22.152
2659        1329367950                     0:00:16.255000   16.255       22.12
2660        1329367990                     0:00:17.453000   17.453       22.064
2663        1329368038                     0:00:16.495000   16.495       21.909
2664        1329368078                     0:00:18.619000   18.619       22.007
2665        1329368121                     0:00:21.209000   21.209       22.02
2666        1329368166                     0:00:17.295000   17.295       22.18
2667        1329368207                     0:00:17.575000   17.575       22.032
2668        1329368248                     0:00:16.506000   16.506       22.114
2669        1329368288                     0:00:19.391000   19.391       22.02
2670        1329368331                     0:00:18.593000   18.593       22.105
2671        1329368373                     0:00:19.493000   19.493       22.052
2672        1329368416                     0:00:16.460000   16.46        22.352
2673        1329368458                     0:00:18.349000   18.349       22.116
2674        1329368500                     0:00:18.365000   18.365       21.987
2675        1329368542                     0:00:16.341000   16.341       22.106
2676        1329368582                     0:00:18.484000   18.484       22.145
2677        1329368624                     0:00:18.551000   18.551       22.058
2678        1329368666                     0:00:17.570000   17.57        22.194
2679        1329368710                     0:00:18.455000   18.455       21.948
2680        1329368752                     0:00:18.662000   18.662       22.231
2681        1329368795                     0:00:18.464000   18.464       22.145
2682        1329368838                     0:00:16.766000   16.766       22.213
2683        1329368879                     0:00:18.345000   18.345       22.19
2684        1329368921                     0:00:18.351000   18.351       22.131
2685        1329368963                     0:00:16.499000   16.499       21.946
2686        1329369003                     0:00:17.347000   17.347       22.504
2688        1329369049                     0:00:16.603000   16.603       22.08
2689        1329369089                     0:00:18.397000   18.397       22.211
2690        1329369131                     0:00:18.504000   18.504       22.056
2691        1329369174                     0:00:18.220000   18.22        22.154
2692        1329369216                     0:00:15.261000   15.261       22.216
2693        1329369255                     0:00:17.291000   17.291       22.127
2694        1329369296                     0:00:17.410000   17.41        22.408
2695        1329369338                     0:00:23.204000   23.204       22.045
2696        1329369385                     0:00:17.467000   17.467       22.07
2698        1329369430                     0:00:16.493000   16.493       21.969
2699        1329369471                     0:00:18.235000   18.235       22.01
2700        1329369513                     0:00:18.253000   18.253       22.101
2701        1329369555                     0:00:18.476000   18.476       21.984
2702        1329369597                     0:00:17.465000   17.465       21.862
2703        1329369638                     0:00:19.019000   19.019       22.151
2704        1329369681                     0:00:19.091000   19.091       22.005
2745        1329532200                     0:00:17.315000   17.315       389.192
2748        1329532608                     0:00:03.283000   3.283        391.983
2749        1329533005                     0:00:03.347000   3.347        392.906
2751        1329533403                     0:00:06.107000   6.107        392.931
2753        1329533804                     0:00:03.441000   3.441        393.918
2774        1329618601                     0:00:19.034000   19.034       387.496
2777        1329619009                     0:00:31.711000   31.711       389.141
2778        1329619431                     0:00:15.965000   15.965       394.538
2780        1329619843                     0:00:06.319000   6.319        397.633
2782        1329620248                     0:00:40.709000   40.709       391.361
2802        1329705000                     0:00:27.160000   27.16        388.141
2805        1329705418                     0:00:05.888000   5.888        387.851
2806        1329705813                     0:00:03.319000   3.319        389.325
2808        1329706207                     0:00:06.098000   6.098        389.215
2810        1329706604                     0:00:03.128000   3.128        388.982
2827        1329791400                     0:00:18.999000   18.999       387.591
2830        1329791808                     0:00:03.750000   3.75         388.769
2831        1329792202                     0:00:03.958000   3.958        387.968
2833        1329792596                     0:00:06.595000   6.595        388.836
2835        1329792993                     0:00:03.442000   3.442        389.251
2837        1329792993                     0:00:03.442000   3.442        389.251
2858        1329877800                     0:00:20.994000   20.994       385.313
2861        1329878208                     0:00:04.435000   4.435        398.672
2862        1329878613                     0:00:04.902000   4.902        391.829
2864        1329879012                     0:00:18.235000   18.235       389.275
2866        1329879422                     0:00:04.162000   4.162        389.196
2868        1329879422                     0:00:04.162000   4.162        389.196
2897        1329964200                     0:00:25.025000   25.025       392.475
2900        1329964619                     0:00:05.208000   5.208        413.59
2901        1329965039                     0:00:38.583000   38.583       405.131
2903        1329965485                     0:00:22.853000   22.853       411.41
2905        1329965921                     0:00:32.054000   32.054       413.336
2932        1330050600                     0:00:19.254000   19.254       386.848
2935        1330051008                     0:00:03.385000   3.385        386.805
2936        1330051401                     0:00:03.499000   3.499        387.219
2938        1330051793                     0:00:06.058000   6.058        388.088
2940        1330052189                     0:00:03.385000   3.385        387.566
2978        1330309800                     0:00:19.160000   19.16        386.408
2981        1330310207                     0:00:03.389000   3.389        387.728
2982        1330310600                     0:00:03.212000   3.212        387.953
2984        1330310993                     0:00:06.073000   6.073        388.102
2986        1330311389                     0:00:03.437000   3.437        388.236
2987        1330312800                     0:00:18.241000   18.241       71.019
2989        1330312891                     0:00:13.855000   13.855       70.944
2991        1330312978                     0:00:03.269000   3.269        71.691
2993        1330313055                     0:00:03.682000   3.682        71.179
2995        1330313132                     0:00:03.688000   3.688        70.72
2997        1330313208                     0:00:03.556000   3.556        74.516
2998        1330313289                     0:00:03.979000   3.979        70.626
3000        1330313365                     0:00:03.527000   3.527        70.983
3002        1330313441                     0:00:03.729000   3.729        71.023
3004        1330313517                     0:00:04.070000   4.07         71.72
3006        1330313595                     0:00:03.449000   3.449        71.037
3008        1330313671                     0:00:03.756000   3.756        69.739
3009        1330313747                     0:00:03.826000   3.826        70.013
3011        1330313823                     0:00:03.836000   3.836        69.57
3013        1330313898                     0:00:03.218000   3.218        68.614
3015        1330313971                     0:00:04.023000   4.023        68.498
3017        1330314045                     0:00:03.801000   3.801        68.666
3018        1330314120                     0:00:03.352000   3.352        68.325
3020        1330314193                     0:00:03.770000   3.77         68.296
3022        1330314266                     0:00:03.521000   3.521        68.271
3024        1330314340                     0:00:03.100000   3.1          68.358
3025        1330314413                     0:00:03.836000   3.836        69.082
3027        1330314488                     0:00:03.244000   3.244        68.438
3029        1330314561                     0:00:03.992000   3.992        67.996
3031        1330314635                     0:00:03.726000   3.726        68.141
3033        1330314708                     0:00:03.367000   3.367        68.219
3034        1330314781                     0:00:03.663000   3.663        68.04
3036        1330314854                     0:00:03.480000   3.48         68.836
3038        1330314929                     0:00:29.548000   29.548       68.672
3040        1330315029                     0:00:03.642000   3.642        68.454
3042        1330315103                     0:00:29.851000   29.851       68.731
3044        1330315204                     0:00:03.146000   3.146        68.672
3046        1330315277                     0:00:03.288000   3.288        71.476
3048        1330315353                     0:00:03.764000   3.764        68.755
3049        1330315428                     0:00:03.855000   3.855        68.664
3051        1330315502                     0:00:03.674000   3.674        68.623
3060        1330315502                     0:00:03.674000   3.674        68.623
3171        1330482600                     0:00:17.959000   17.959       385.68
3173        1330483116                     0:00:04.589000   4.589        386.478
3176        1330483509                     0:00:03.471000   3.471        386.986
3177        1330483901                     0:00:05.949000   5.949        386.597
3179        1330484295                     0:00:03.716000   3.716        385.246
3181        1330487100                     0:00:19.258000   19.258       17857.879
3247        1330487100                     0:00:19.258000   19.258       17857.879
3304        1330741800                     0:00:18.029000   18.029       381.006
3307        1330742201                     0:00:03.417000   3.417        381.581
3308        1330742588                     0:00:03.200000   3.2          382.017
3310        1330742977                     0:00:05.899000   5.899        381.025
3312        1330743366                     0:00:03.191000   3.191        381.489
3313        1330743366                     0:00:03.191000   3.191        381.489
3316        1330762501                     0:00:20.061000   20.061       15018.425
3363        1330914662                     0:01:10.472000   70.472       391.253
3364        1330915127                     0:00:04.082000   4.082        385.593
3371        1330939801                     0:00:21.609000   21.609       159.991
3508        1332298808                     0:00:22.358000   22.358       202.649
3511        1332299035                     0:00:22.374000   22.374       202.648
3513        1332299261                     0:00:23.740000   23.74        210.448
3516        1332299497                     0:00:20.054000   20.054       209.802
3518        1332299729                     0:00:16.348000   16.348       203.015
3521        1332299950                     0:00:21.571000   21.571       203.083
3524        1332300177                     0:00:22.069000   22.069       203.261
3526        1332300403                     0:00:23.101000   23.101       207.299
3529        1332300636                     0:00:22.712000   22.712       202.782
3532        1332300863                     0:00:21.850000   21.85        215.232
3535        1332301102                     0:00:21.179000   21.179       218.031
3537        1332301342                     0:00:23.142000   23.142       216.705
3540        1332301584                     0:00:20.603000   20.603       205.762
3542        1332301812                     0:00:19.617000   19.617       204.556
3545        1332302037                     0:00:22.192000   22.192       203.784
3548        1332302265                     0:00:21.471000   21.471       206.934
3805        1332817800                     0:00:23.375000   23.375       112.391
3807        1332817938                     0:00:03.975000   3.975        114.569
3809        1332818058                     0:00:19.848000   19.848       112.14
3811        1332818191                     0:00:19.820000   19.82        112.232
3813        1332818324                     0:00:23.925000   23.925       117.873
3815        1332818468                     0:00:24.417000   24.417       119.188
3817        1332818613                     0:00:21.681000   21.681       119.275
3819        1332818755                     0:00:21.883000   21.883       116.556
3821        1332818896                     0:00:18.829000   18.829       111.977
3823        1332819028                     0:00:18.728000   18.728       112.673
3825        1332819161                     0:00:23.198000   23.198       112.94
3827        1332819299                     0:00:14.541000   14.541       119.167
3829        1332819434                     0:00:20.569000   20.569       112.993
3831        1332819569                     0:00:23.876000   23.876       113.012
3833        1332819708                     0:00:22.950000   22.95        112.986
3835        1332819845                     0:00:23.324000   23.324       112.811
3837        1332819982                     0:00:23.502000   23.502       112.762
3839        1332820121                     0:00:23.320000   23.32        114.04
3841        1332820260                     0:00:20.966000   20.966       113.316
3843        1332820396                     0:00:22.703000   22.703       113.465
3845        1332820535                     0:00:21.156000   21.156       113.144
3847        1332820671                     0:00:24.374000   24.374       113.154
3849        1332820810                     0:00:20.154000   20.154       120.556
3851        1332820952                     0:00:21.670000   21.67        119.456
3853        1332821095                     0:00:21.740000   21.74        119.516
3855        1332821238                     0:00:22.118000   22.118       113.438
3857        1332821375                     0:00:21.184000   21.184       114.061
3859        1332821513                     0:00:22.919000   22.919       112.966
3861        1332821650                     0:00:21.542000   21.542       112.852
3863        1332821786                     0:00:23.833000   23.833       112.584
3865        1332821925                     0:00:23.178000   23.178       114.993
3867        1332822065                     0:00:20.016000   20.016       121.488
3869        1332822208                     0:00:19.205000   19.205       122.219
3871        1332822352                     0:00:14.486000   14.486       112.393
3873        1332822480                     0:00:22.731000   22.731       113.027
3891        1332904201                     0:00:17.312000   17.312       146.118
3893        1332904366                     0:00:22.335000   22.335       116.102
3895        1332904506                     0:00:20.339000   20.339       114.899
3897        1332904643                     0:00:21.459000   21.459       113.671
3899        1332904780                     0:00:21.153000   21.153       112.852
3901        1332904915                     0:00:03.525000   3.525        135.985
3903        1332905056                     0:00:19.564000   19.564       135.749
3904        1332905214                     0:00:25.465000   25.465       113.995
3906        1332905355                     0:00:03.821000   3.821        112.929
3908        1332905474                     0:00:22.093000   22.093       113.216
3910        1332905611                     0:00:23.191000   23.191       112.983
3912        1332905748                     0:00:22.399000   22.399       117.174
3914        1332905890                     0:00:19.200000   19.2         122.845
3916        1332906033                     0:00:23.211000   23.211       117.173
3918        1332906175                     0:00:24.265000   24.265       116.904
3920        1332906319                     0:00:23.207000   23.207       114.593
3922        1332906458                     0:00:22.528000   22.528       135.941
3924        1332906619                     0:00:25.386000   25.386       113.554
3926        1332906759                     0:00:22.942000   22.942       115.38
3928        1332906899                     0:00:15.988000   15.988       119.39
3930        1332907036                     0:00:20.188000   20.188       114.959
3932        1332907173                     0:00:21.503000   21.503       113.059
3934        1332907309                     0:00:22.298000   22.298       114.027
3936        1332907447                     0:00:21.795000   21.795       119.906
3938        1332907590                     0:00:20.637000   20.637       116.622
3940        1332907730                     0:00:20.269000   20.269       115.103
3942        1332907867                     0:00:19.035000   19.035       117.907
3944        1332908006                     0:00:23.899000   23.899       113.095
3946        1332908144                     0:00:22.606000   22.606       114.164
3948        1332908282                     0:00:22.881000   22.881       153.095
3950        1332908460                     0:00:31.166000   31.166       152.372
3952        1332908645                     0:00:38.376000   38.376       145.747
3954        1332908831                     0:00:22.117000   22.117       118.547
3956        1332908973                     0:00:22.351000   22.351       113.565
4132        1333336200                     0:00:23.930000   23.93        112.42
4135        1333336338                     0:00:21.841000   21.841       112.775
4138        1333336475                     0:00:19.717000   19.717       121.267
4141        1333336617                     0:00:25.135000   25.135       112.614
4144        1333336756                     0:00:20.873000   20.873       115.342
4147        1333336895                     0:00:22.876000   22.876       112.583
4151        1333337032                     0:00:19.354000   19.354       113.721
4154        1333337167                     0:00:25.225000   25.225       112.855
4157        1333337307                     0:00:21.374000   21.374       112.611
4160        1333337442                     0:00:20.706000   20.706       117.542
4163        1333337583                     0:00:14.188000   14.188       114.19
4167        1333337713                     0:00:18.795000   18.795       113.108
4170        1333337846                     0:00:20.308000   20.308       115.825
4173        1333337985                     0:00:23.597000   23.597       113.288
4176        1333338123                     0:00:19.780000   19.78        112.851
4179        1333338257                     0:00:19.715000   19.715       113.916
4182        1333338393                     0:00:19.682000   19.682       112.995
4186        1333338527                     0:00:20.531000   20.531       116.543
4189        1333338666                     0:00:22.070000   22.07        113.929
4192        1333338804                     0:00:19.291000   19.291       113.264
4195        1333338938                     0:00:20.017000   20.017       113.404
4199        1333339073                     0:00:20.718000   20.718       121.375
4200        1333339217                     0:00:23.780000   23.78        114.137
4201        1333339356                     0:00:20.525000   20.525       113.487
4202        1333339491                     0:00:20.367000   20.367       113.549
4203        1333339627                     0:00:25.606000   25.606       115.193
4204        1333339769                     0:00:22.293000   22.293       114.655
4205        1333339908                     0:00:24.272000   24.272       113.054
4206        1333340047                     0:00:25.263000   25.263       118.196
4208        1333340192                     0:00:04.437000   4.437        112.924
4210        1333340312                     0:00:20.319000   20.319       113.002
4212        1333340447                     0:00:20.411000   20.411       113.134
4214        1333340582                     0:00:21.189000   21.189       113.052
4216        1333340718                     0:00:20.036000   20.036       113.072
4218        1333340854                     0:00:20.250000   20.25        113.059
4220        1333340989                     0:00:24.896000   24.896       112.605
4481        1333343269                     0:00:20.826000   20.826       8851.536
5017        1333598401                     0:00:22.454000   22.454       6045.227
10543       1338353780                     0:00:18.786000   18.786       202.43
10544       1338354197                     0:00:19.989000   19.989       211.368
10545       1338354430                     0:00:20.727000   20.727       206.748
10546       1338354660                     0:00:04.479000   4.479        219.96
10547       1338354887                     0:00:20.572000   20.572       236.15
10548       1338355144                     0:00:17.561000   17.561       203.684
10549       1338355367                     0:00:04.524000   4.524        204.535
10550       1338355577                     0:00:04.556000   4.556        203.619
10554       1338359401                     0:00:04.005000   4.005        233.801
10555       1338359640                     0:00:47.088000   47.088       217.202
10556       1338359906                     0:00:04.616000   4.616        220.768
10557       1338360133                     0:00:04.598000   4.598        203.517
10558       1338360343                     0:00:05.546000   5.546        203.457
10559       1338360553                     0:00:04.770000   4.77         222.958
10560       1338360783                     0:00:31.290000   31.29        218.604
10563       1338363001                     0:00:20.096000   20.096       202.739
10564       1338363225                     0:00:04.570000   4.57         203.711
10565       1338363435                     0:00:04.907000   4.907        204.009
10566       1338363645                     0:00:04.656000   4.656        203.927
10567       1338363856                     0:00:05.765000   5.765        203.655
10568       1338364067                     0:00:04.943000   4.943        203.774
10569       1338364278                     0:00:04.895000   4.895        203.801
10570       1338364488                     0:00:04.776000   4.776        220.951
10581       1338437584                     0:00:19.077000   19.077       202.466
10582       1338437808                     0:00:04.440000   4.44         202.876
10583       1338438017                     0:00:04.064000   4.064        202.404
10584       1338438226                     0:00:05.027000   5.027        202.792
10588       1338525501                     0:00:31.019000   31.019       202.626
10589       1338525736                     0:00:04.536000   4.536        201.871
10590       1338525945                     0:00:04.513000   4.513        202.467
10591       1338526153                     0:00:04.128000   4.128        202.204
10592       1338526362                     0:00:05.007000   5.007        202.191
10593       1338526570                     0:00:04.131000   4.131        202.733
10596       1338528601                     0:00:19.931000   19.931       201.548
10597       1338528824                     0:00:04.487000   4.487        210.353
10598       1338529041                     0:00:19.152000   19.152       202.733
10599       1338529264                     0:00:04.563000   4.563        202.358
10600       1338529473                     0:00:05.197000   5.197        201.896
10601       1338529681                     0:00:04.198000   4.198        208.171
10602       1338529896                     0:00:04.189000   4.189        202.944
10604       1338530104                     0:00:04.232000   4.232        201.977
10605       1338530402                     0:00:20.723000   20.723       202.36
10606       1338530626                     0:00:04.466000   4.466        201.773
10607       1338530834                     0:00:04.263000   4.263        202.207
10608       1338531042                     0:00:04.506000   4.506        202.073
10609       1338531251                     0:00:05.083000   5.083        202.547
10610       1338531460                     0:00:04.269000   4.269        202.094
10611       1338531669                     0:00:04.188000   4.188        201.866
10612       1338531876                     0:00:04.300000   4.3          202.246
10613       1338532201                     0:00:21.042000   21.042       202.041
10614       1338532425                     0:00:04.266000   4.266        203.548
10615       1338532635                     0:00:03.999000   3.999        203.022
10616       1338532843                     0:00:04.237000   4.237        202.878
10617       1338533052                     0:00:05.463000   5.463        220.704
10618       1338533279                     0:00:50.047000   50.047       235.48
10619       1338533567                     0:00:48.997000   48.997       218.378
10622       1338535801                     0:00:20.063000   20.063       202.002
10623       1338536024                     0:00:04.526000   4.526        202.373
10624       1338536233                     0:00:04.032000   4.032        203.016
10625       1338536441                     0:00:04.065000   4.065        202.756
10626       1338536650                     0:00:05.001000   5.001        202.4
10627       1338536859                     0:00:04.554000   4.554        204.528
10628       1338537070                     0:00:04.312000   4.312        202.226
10629       1338537278                     0:00:04.560000   4.56         202.285
